0303;1;407495;HONORE S.A;000;        0.00;      342.00;        0.00;000;      342.00;2009
0303;1;414790;REEBOK;000;        0.00;       56.00;      210.00;000;      266.00;2009
0303;1;502372;CAPEB;000;        0.00;      704.00;        0.00;000;      704.00;2009
0303;1;508042;INTERPLAST;001;       99.00;       45.00;        0.00;001;      144.00;2009
0303;1;508198;IBIS KERGARADEC;002;      148.00;        0.00;        0.00;003;      148.00;2009
0303;1;509052;KENZO PARFUMS;000;        0.00;       44.00;      420.00;000;      464.00;2009
0303;1;512322;NDK FRANCE;001;       59.00;        0.00;        0.00;001;       59.00;2009
0303;1;519032;UPS FRANCE;002;      175.00;       26.00;        0.00;002;      201.00;2009
0303;1;521009;WEEK END OCEANIA;001;       59.00;       64.00;        0.00;001;      123.00;2009
0303;1;800000;WEBSITE;023;     1636.50;      275.00;        5.00;028;     1916.50;2009
0303;1;800020;CLUB DE FOOT;015;      807.00;     1092.00;        0.00;023;     1899.00;2009
0303;1;800649;AEROPORT BREST;002;       99.00;       58.00;       64.00;002;      221.00;2009
0303;1;801000;PROMO NOEL;029;     1652.00;      624.00;       10.00;037;     2286.00;2009
0303;1;801001;AMRHYL INDUSTRIES;000;        0.00;      391.00;        0.00;000;      391.00;2009
0303;1;801099;SFS INTEC;015;     1312.50;      189.50;        0.00;015;     1502.00;2009
0303;1;801210;GIE SIHM;002;      175.00;        5.00;        0.00;002;      180.00;2009
0303;1;805006;DCN SERVICES BREST;005;      387.50;       98.50;        0.00;005;      486.00;2009
0303;1;805034;AGENCE HORS CONTRAT;005;      495.00;       88.00;        0.00;005;      583.00;2009
0303;1;805037;METRO BREST;001;       87.50;        2.50;        0.00;001;       90.00;2009
0303;1;805232;LABORATOIRE MSD;001;       87.50;        2.50;        0.00;001;       90.00;2009
0303;1;815000;STURCHLER;002;      175.00;       35.00;        0.00;002;      210.00;2009
0303;1;815004;IN EXTENSO;001;       99.00;     1087.00;        0.00;001;     1186.00;2009
0303;1;815006;CSO / RISLINE;000;        0.00;       89.00;        0.00;000;       89.00;2009
0303;1;815007;GPDIS;002;      175.00;     1831.00;        0.00;002;     2006.00;2009
0303;1;815009;BOIRON LABORATOIRE;000;        0.00;      508.50;      110.00;000;      618.50;2009
0303;1;815014;LES ESCULAPES;000;        0.00;      344.00;        0.00;000;      344.00;2009
0303;1;815020;CONFORAMA FRANCE;001;       99.00;       27.50;        0.00;001;      126.50;2009
0303;1;815021;LAOT HABITAT;000;        0.00;      699.00;      420.00;000;     1119.00;2009
0303;1;815024;ARGEL OUEST;003;      244.50;       28.50;        0.00;003;      273.00;2009
0303;1;815025;WEEK END OCEANIA;007;      390.50;      158.00;        0.00;010;      548.50;2009
0303;1;815037;DEXIS TAMPLEU SPRIET;001;       87.50;       23.50;        0.00;001;      111.00;2009
0303;1;815041;CAMPANILE;003;      213.50;       66.50;       10.00;003;      290.00;2009
0303;1;815052;IBIS KERGARADEC;004;      290.00;      123.00;        0.00;005;      413.00;2009
0303;1;815056;MASSILLY HOLDING S.A;001;       59.00;       22.00;        0.00;001;       81.00;2009
0303;1;815062;PREVADIES;000;        0.00;     1373.00;        0.00;000;     1373.00;2009
0303;1;815069;OCEANIA HOTELS;000;        0.00;      774.90;      125.00;000;      899.90;2009
0303;1;815070;LYON MAINTENANCE;002;      160.40;       27.00;        0.00;002;      187.40;2009
0303;1;815089;FIDUCIAL BUREAUTIQUE;001;       99.00;       35.00;        0.00;001;      134.00;2009
0303;1;815097;NORMAND PEINTURES;000;        0.00;       52.00;        0.00;000;       52.00;2009
0303;1;815114;REGIONAL;001;       56.50;        2.50;        0.00;001;       59.00;2009
0303;1;815121;GAMA 29;003;      230.50;       43.50;        0.00;003;      274.00;2009
0303;1;815144;ACCESS COMMERCE;002;      113.00;       32.00;        0.00;002;      145.00;2009
0303;1;815178;JANSSEN CILAG;002;      214.00;       99.00;        0.00;002;      313.00;2009
0303;1;815188;TOUPARGEL;001;       99.00;       44.00;        0.00;001;      143.00;2009
0303;1;815216;ISFEC;002;      198.00;     1531.00;      242.00;002;     1971.00;2009
0303;1;815223;EN AVANT DE GUINGAMP;000;        0.00;       40.00;        0.00;000;       40.00;2009
0303;1;815232;COMPAGNIE DES EAUX E;000;        0.00;      253.00;        0.00;000;      253.00;2009
0303;1;815234;OXBOW SA;003;      300.00;      292.00;     1002.10;006;     1594.10;2009
0303;1;815269;AMERICAN EXPRESS;002;      198.00;       14.00;        5.00;002;      217.00;2009
0303;1;815321;MEDIPSY;001;       99.00;       38.00;        0.00;001;      137.00;2009
0303;1;815422;BREST ACCESS HOLDING;010;      875.00;     1090.50;        0.00;010;     1965.50;2009
0303;1;815513;SDMO;002;      159.00;        5.00;        0.00;002;      164.00;2009
0303;1;815573;CARLSON WAGONLIT TRA;001;       99.00;       14.00;        0.00;001;      113.00;2009
0303;1;815655;HOTEL.DE;001;       99.00;        0.00;       10.00;001;      109.00;2009
0303;1;815887;ARGEL SUD EST;002;      163.00;       89.00;        0.00;002;      252.00;2009
0303;1;816205;FIDUCIAL;000;        0.00;      140.00;      180.00;000;      320.00;2009
0303;1;816253;CABINET DE F.NGUYEN;005;      278.50;       66.50;        1.20;005;      346.20;2009
0303;1;816478;SADE CGTH;000;        0.00;     2066.00;      463.00;000;     2529.00;2009
0303;1;816999;SDMO;042;     2970.00;      838.00;       25.00;042;     3833.00;2009
0303;1;817258;SCHNEIDER ELECTRIC;001;       87.50;       50.50;        0.00;001;      138.00;2009
0303;1;817458;UFIFRANCE PATRIMOINE;001;      115.00;       68.00;        0.00;001;      183.00;2009
0303;1;817589;CHAMBAUD & CHANAL;001;       99.00;       43.00;        0.00;001;      142.00;2009
0303;1;817804;EDF;000;        0.00;      406.00;        0.00;000;      406.00;2009
0303;1;818000;SOIREE ETAPE;015;     1242.50;      347.50;        0.00;015;     1590.00;2009
0303;1;818065;PFIZER LABORATOIRE;001;       87.50;       34.50;        0.00;001;      122.00;2009
0303;1;818066;TOTAL;002;      187.50;      648.50;      192.00;002;     1028.00;2009
0303;1;818069;OEI KERGUELEN;011;      962.50;       51.50;        0.00;011;     1014.00;2009
0303;1;818078;TOTAL;001;       59.00;       14.00;        0.00;001;       73.00;2009
0303;1;818083;SHOW ROOM;000;        0.00;        0.00;      115.00;000;      115.00;2009
0303;1;818104;BERNER;001;      115.00;       68.00;        0.00;001;      183.00;2009
0303;1;818128;SANOFI AVENTIS;000;        0.00;      389.00;       96.00;000;      485.00;2009
0303;1;818194;HERBALIFE;000;        0.00;        0.00;      150.00;000;      150.00;2009
0303;1;818224;VENDENGEON MR;000;        0.00;       37.00;      115.00;000;      152.00;2009
0303;1;818247;LABO TAKEDA;000;        0.00;      600.00;      330.00;000;      930.00;2009
0303;1;818307;VEOLIA EAU CGE;000;        0.00;      964.00;      250.00;000;     1214.00;2009
0303;1;819000;INDIVIDUELS;141;    10994.50;     3610.50;      163.70;156;    14768.70;2009
0303;1;819500;STE HORS CONTRAT;001;       99.00;      134.50;        0.00;001;      233.50;2009
0303;1;840070;BRIT AIR;44;     3507.60;      197.50;       10.00;44;     3715.10;2009
0303;1;843151;REDWOOD;001;       88.50;       83.50;        0.00;001;      172.00;2009
0303;1;843193;BETTY BARCLAY;001;      100.00;       56.50;      210.00;002;      366.50;2009
0303;1;849983;REGIONAL CAE;63;     4940.95;      510.00;        5.00;63;     5455.95;2009
0303;1;849993;NIKE;005;      441.50;      272.50;     1311.90;005;     2025.90;2009
0303;1;865015;HRS;007;      658.76;      200.00;        5.00;007;      863.76;2009
0303;1;897777;BLUE LINE CREW;005;      295.00;        0.00;        0.00;005;      295.00;2009
0303;1;900019;GTB CONSTRUCTIONS;001;       87.50;        2.50;        0.00;001;       90.00;2009
0303;1;900025;EXPEDIA;004;      257.19;       71.00;        5.00;004;      333.19;2009
0303;1;900100;CARLSON WAGONS LIT;004;      377.00;      103.50;       10.00;004;      490.50;2009
0303;1;900101;ALCATEL VIA CWLT;002;      157.00;        5.00;        0.00;002;      162.00;2009
0303;1;900303;ASTRA ZENECA REUNION;000;        0.00;      630.00;      165.00;000;      795.00;2009
0303;1;900329;CASINO;007;      472.50;       51.50;        0.00;007;      524.00;2009
0303;1;900362;FORD;006;      525.00;       60.00;        0.00;006;      585.00;2009
0303;1;900393;LAFARGE GROUPE;001;       87.50;       35.50;        0.00;001;      123.00;2009
0303;1;900395;LAFARGE BETONS;002;      175.00;      751.50;      110.00;002;     1036.50;2009
0303;1;900401;MC DONALD'S;007;      420.00;      354.00;        0.00;007;      774.00;2009
0303;1;900437;VOLKSWAGEN;001;       87.50;       34.50;        0.00;001;      122.00;2009
0303;1;900446;SELECTOUR;002;      108.56;       28.00;        0.00;002;      136.56;2009
0303;1;905062;KEOLIS BREST;005;      335.00;      114.00;        5.00;005;      454.00;2009
0303;1;905333;B.M.W. FRANCE;003;      262.50;       72.50;        5.00;003;      340.00;2009
0303;1;905568;DESCOURS & CABAUD;001;       87.50;       23.50;        0.00;001;      111.00;2009
0303;1;905868;BOOKING.COM;015;     1340.00;      354.00;        0.00;017;     1694.00;2009
0303;1;910000;ALCATEL - LUCENT;000;        0.00;     2064.00;      330.00;000;     2394.00;2009
0303;1;910007;UCA EVEN;029;     2375.00;      512.00;        0.00;030;     2887.00;2009
0303;1;910009;GEMINOX;009;      787.50;      155.00;        0.00;009;      942.50;2009
0303;1;910017;MUBEX;006;      408.00;       96.00;        0.60;006;      504.60;2009
0303;1;910028;SURAVENIR;004;      342.00;       84.00;        0.00;004;      426.00;2009
0303;1;910040;MEUNIER SA;010;      795.00;      192.50;       30.00;010;     1017.50;2009
0303;1;910041;SDMO INDUSTRIES;030;     2385.00;      766.50;       20.00;030;     3171.50;2009
0303;1;910044;DHL ARCATIME;002;      161.00;       47.00;        0.00;002;      208.00;2009
0303;1;910048;LE CALVEZ;005;      409.00;      187.50;        0.00;005;      596.50;2009
0303;1;910070;OMNIUM ( S.O.A.);002;      175.00;       60.00;        0.00;002;      235.00;2009
0303;1;910345;EDF;000;        0.00;      905.50;        0.00;000;      905.50;2009
0303;1;915046;POINT P;001;       87.50;       35.50;        0.00;001;      123.00;2009
0303;1;916493;SPIE BATIGNOLLES SUD;002;      172.95;       54.00;        0.00;002;      226.95;2009
0303;1;918485;AGPLA;000;        0.00;      282.00;      330.00;000;      612.00;2009
0303;1;918888;CMB;006;      526.50;      235.50;        0.00;006;      762.00;2009
0303;1;918892;LOXAM;001;       59.00;       32.00;        0.00;001;       91.00;2009
0303;1;918927;PREVIADES;003;      262.50;       25.50;        0.00;003;      288.00;2009
0303;1;920045;EDF GDF;001;       77.50;        2.50;        0.00;001;       80.00;2009
0303;1;920090;SURAVENIR ASSURANCES;001;       85.50;       24.50;        0.00;001;      110.00;2009
0303;1;920265;SCHERING PLOUGH;001;      115.00;        8.00;        0.00;001;      123.00;2009
0303;1;920285;ROYAL CANIN;001;       87.50;       13.00;        0.00;001;      100.50;2009
0303;1;923436;MEUBLES IKEA PLAISIR;008;      700.00;      120.00;        0.00;008;      820.00;2009
0303;1;928851;TOYOTA;001;       88.50;       52.00;        0.00;002;      140.50;2009
0303;1;929061;SFR;002;      165.00;       62.00;        0.00;002;      227.00;2009
0303;1;953527;GULLIVERS TRAVEL ASS;001;       51.05;        2.50;        0.00;001;       53.55;2009
0303;1;953666;TOURICO HOLIDAYS;001;       64.55;       35.50;       10.00;001;      110.05;2009
0303;1;960640;HOTELBEDS;003;      214.41;       81.50;        5.00;003;      300.91;2009
0303;1;981111;PREMIERE CLASSE;001;       34.00;       11.60;        0.00;002;       45.60;2009
0409;1;100000;OCEANIA CENTRE;003;      317.50;       99.40;        0.00;003;      416.90;2009
0409;1;410876;SOPAB;000;        0.00;      808.70;        0.00;000;      808.70;2009
0409;1;411742;STADE BRESTOIS;012;      691.50;      820.50;        0.00;021;     1512.00;2009
0409;1;417044;HERTZ FRANCE;002;      175.00;       74.90;        0.00;002;      249.90;2009
0409;1;800008;OCEANIA BREST;013;     1294.09;      339.15;        0.00;013;     1633.24;2009
0409;1;800025;GORE SOCIETE;001;       87.50;       23.50;        5.00;001;      116.00;2009
0409;1;800035;OCEANIA HOTELS;000;        0.00;        6.40;        0.00;000;        6.40;2009
0409;1;800058;ESC BREST;005;      437.50;       40.50;       11.30;005;      489.30;2009
0409;1;800067;MARC SA;002;      230.00;      101.30;        0.00;002;      331.30;2009
0409;1;800084;QUARTZ CONGRES;001;       56.50;        2.50;        0.00;001;       59.00;2009
0409;1;800158;BLUE WATER SHIPPING;006;      573.00;       22.10;       10.00;006;      605.10;2009
0409;1;800195;DCNS;010;      886.00;      121.90;        0.00;010;     1007.90;2009
0409;1;800431;EXPOTEL HOTEL RESERV;008;      712.00;      152.40;        0.00;008;      864.40;2009
0409;1;800510;CONSEIL GENERAL DE B;001;      155.00;       14.00;        0.00;001;      169.00;2009
0409;1;800534;FIDUCIAL INFORMATIQU;006;      525.00;       35.00;        0.00;006;      560.00;2009
0409;1;800577;HOTELBEDS;002;      143.10;       33.00;        0.00;004;      176.10;2009
0409;1;800665;LA POSTE;001;      115.00;       14.00;        0.00;001;      129.00;2009
0409;1;800668;LABORATOIRE ESAI;000;        0.00;        0.00;       80.00;000;       80.00;2009
0409;1;800707;AMERICAN EXPRESS;001;      115.00;       33.30;        0.00;001;      148.30;2009
0409;1;800722;MY FIDELIO;079;     9588.00;     1624.30;       49.30;089;    11261.60;2009
0409;1;800736;ABALLEA FINANCES S.A;001;      115.00;        0.00;        0.00;001;      115.00;2009
0409;1;805006;DCNS;022;     1951.00;      270.10;        0.00;022;     2221.10;2009
0409;1;805040;KPMG AUDIT;001;       95.50;       35.10;        0.00;001;      130.60;2009
0409;1;805061;MARIAGE PROMO;002;      155.00;        0.00;        0.00;004;      155.00;2009
0409;1;805065;SANOFI AVENTIS FRANC;001;       87.50;       36.00;        0.00;001;      123.50;2009
0409;1;806023;FONCIA JANIN;000;        0.00;        0.00;      385.00;000;      385.00;2009
0409;1;806073;GIROPHARM;001;      115.00;        0.00;        0.00;001;      115.00;2009
0409;1;815678;PROMO GLACON;062;     4819.00;     1892.70;       38.70;083;     6750.40;2009
0409;1;852369;KBL FRANCE;001;       79.50;       31.90;        0.00;001;      111.40;2009
0409;1;852635;YVAN BEAL SAS;001;       89.50;        2.50;        0.00;001;       92.00;2009
0409;1;865015;HRS;002;      218.50;        0.00;        0.00;002;      218.50;2009
0409;1;865100;BOOKING.COM;009;      535.25;      367.60;        0.00;015;      902.85;2009
0409;1;865283;TRANSHOTEL;000;       30.00;        0.00;        0.00;000;       30.00;2009
0409;1;900025;EXPEDIA;027;     1496.95;      443.80;       19.20;031;     1959.95;2009
0409;1;900030;JOHN DEERE;006;      690.00;       84.00;        5.10;006;      779.10;2009
0409;1;900101;ALCATEL VIA CWLT;002;      175.00;       27.20;        0.00;002;      202.20;2009
0409;1;900102;ALCATEL LUCENT;004;      350.00;       17.60;        0.00;004;      367.60;2009
0409;1;900137;THALES LAND & JOINT;026;     2092.00;      305.60;        5.00;026;     2402.60;2009
0409;1;900165;THALES SA;001;       80.50;        2.50;        0.00;001;       83.00;2009
0409;1;900167;THALES;029;     2331.50;      264.00;       25.00;029;     2620.50;2009
0409;1;900206;KEYMRO DIRECT;012;      918.00;       84.90;       17.10;012;     1020.00;2009
0409;1;900301;ERNTS & YOUNG GIE;004;      350.00;       77.00;        0.00;004;      427.00;2009
0409;1;900373;FRANCE TELECOM HEBER;014;     1186.50;       73.50;        3.30;014;     1263.30;2009
0409;1;900430;SIEMENS;057;     4987.50;      145.10;        0.00;057;     5132.60;2009
0409;1;900435;THOMSON;022;     1665.00;      130.10;       48.20;022;     1843.30;2009
0409;1;900450;H&M HENNES & MAURITZ;001;       81.50;       32.50;        0.00;001;      114.00;2009
0409;1;900454;EADS;003;      262.50;       38.00;        0.00;003;      300.50;2009
0409;1;905047;OCEANOPOLIS;002;      190.50;       89.00;       31.60;004;      311.10;2009
0409;1;905287;DIOGENE;007;      612.50;       34.00;        0.00;007;      646.50;2009
0409;1;910004;COURTIERS MARITIMES;009;      203.50;       64.90;        3.30;009;      271.70;2009
0409;1;910009;GEMINOX / BOSCH;001;       87.50;        2.50;        0.00;001;       90.00;2009
0409;1;910020;ARKEA GROUPE;095;     7818.50;      585.50;      285.50;095;     8689.50;2009
0409;1;910021;CMB ARKEA;003;      252.50;       55.90;        0.00;003;      308.40;2009
0409;1;910035;IPC;003;      238.50;       51.20;        0.00;003;      289.70;2009
0409;1;910041;SDMO INDUSTRIES;005;      575.00;       70.00;        0.00;005;      645.00;2009
0409;1;910050;LE QUARTZ;018;     1017.00;       47.90;        0.00;018;     1064.90;2009
0409;1;914169;MAK MEDITERRANEE;007;      612.50;      194.75;        0.00;007;      807.25;2009
0409;1;914234;KANABEACH;002;      230.00;       28.00;        0.00;002;      258.00;2009
0409;1;915037;FRANCE 3;001;       89.50;       29.50;        0.00;001;      119.00;2009
0409;1;915046;POINT P;001;       87.50;        2.50;        0.00;001;       90.00;2009
0409;1;915111;SOFRESID ENGINEERING;008;      920.00;      198.40;        0.00;008;     1118.40;2009
0409;1;915468;LE QUARTZ;106;     4937.00;      495.50;        0.90;106;     5433.40;2009
0409;1;915636;ETENDART DE BREST;002;      153.00;        5.00;       15.00;002;      173.00;2009
0409;1;916347;VCG DISTRIBUTION;013;     1197.50;      331.75;       34.20;013;     1563.45;2009
0409;1;916676;CARRARD SERVICES;001;       95.50;        2.50;        0.00;001;       98.00;2009
0409;1;917012;PROMO NOUVEL AN;012;      680.00;     1120.50;        0.00;021;     1800.50;2009
0409;1;920020;CIO;002;      175.00;       80.07;        0.00;004;      255.07;2009
0409;1;920220;ASSOCIATION ANATOL;001;       67.50;       23.40;        0.00;001;       90.90;2009
0409;1;925011;SFR MEDITERRANEE;001;       95.50;       33.00;        0.00;001;      128.50;2009
0409;1;925080;TECHNICATOME;003;      262.50;        7.50;        0.00;003;      270.00;2009
0409;1;928191;SPIR VOYAGES;001;      115.00;       30.80;        0.00;001;      145.80;2009
0409;1;929429;MAK MEDITERRANEE;002;      175.00;       32.95;        0.00;002;      207.95;2009
0409;1;953527;GULLIVERS TRAVEL;000;        0.00;        4.00;        0.00;000;        4.00;2009
0409;1;960991;TOURICO HOLIDAYS;004;      296.36;       40.00;        0.00;004;      336.36;2009
1962;1;200033;CANORA TRAVELINC;000;       39.20;        0.00;        0.00;000;       39.20;2009
1962;1;865015;HRS ALLEMAGNE;000;       55.80;        0.00;        0.00;000;       55.80;2009
1535;1;100033;OFFERTS RESTAURANT-B;000;        0.00;       92.64;        0.00;000;       92.64;2009
1535;1;830400;MYFIDELIO/OCEANIAHOT;031;     1349.00;      727.75;       11.50;056;     2088.25;2009
1535;1;860000;HOTEL ESCALE OCEANIA;008;      718.00;      412.20;        0.00;016;     1130.20;2009
1535;1;860005;WEIGHT WATCHERS;000;        0.00;        0.00;      680.00;000;      680.00;2009
1535;1;860032;IFG;004;      370.00;      634.00;      182.40;004;     1186.40;2009
1535;1;860062;OFFICE DU TOURISME;009;      568.06;      328.00;        0.00;015;      896.06;2009
1535;1;860067;INNERWHEEL;000;        0.00;      480.00;        0.00;000;      480.00;2009
1535;1;860121;LASTMINUTE.COM;003;      153.32;       66.00;        0.00;006;      219.32;2009
1535;1;860122;LAMY AGENCE PARADE;000;        0.00;      775.00;      150.00;000;      925.00;2009
1535;1;860155;FORPROF;000;        0.00;        0.00;      380.00;000;      380.00;2009
1535;1;860331;SUD GESTION IMMO;000;        0.00;        0.00;      300.00;000;      300.00;2009
1535;1;860337;SPIR COMMUNICATION;030;     2180.00;      496.50;        0.90;030;     2677.40;2009
1535;1;860370;ITG;000;        0.00;       33.50;      150.00;000;      183.50;2009
1535;1;860456;TITAN AVIATION;001;       87.50;       35.50;        0.00;001;      123.00;2009
1535;1;860547;INFORMAT;000;        0.00;       93.00;      250.00;000;      343.00;2009
1535;1;860555;SOCIETE RECTICEL;001;       77.50;        2.50;        0.00;001;       80.00;2009
1535;1;860631;REXEL;000;        0.00;      663.00;      153.00;000;      816.00;2009
1535;1;860708;FRANCE LOISIRS;000;        0.00;      702.00;      162.00;000;      864.00;2009
1535;1;860712;IBIS AIX;003;      270.00;       56.00;        0.00;003;      326.00;2009
1535;1;860723;EGIS;016;     1104.00;      426.05;        0.00;016;     1530.05;2009
1535;1;860727;ORTHO DE PROVENCE;001;       99.00;     1224.50;      217.00;001;     1540.50;2009
1535;1;860753;EHTP;018;     1557.00;      482.10;        0.00;018;     2039.10;2009
1535;1;860774;MULTIPASS;002;      126.80;       10.00;        0.00;004;      136.80;2009
1535;1;860818;GROUPE SEPHIRA;014;      826.00;      901.70;      349.00;014;     2076.70;2009
1535;1;860819;MOET HENNSSY DIAGEO;098;    10584.00;     8162.50;     1282.50;098;    20029.00;2009
1535;1;860820;RELAIS L'OCCITANE;012;     1296.00;     2171.00;      414.00;022;     3881.00;2009
1535;1;860822;EXPERT FONCIER;000;        0.00;      812.50;      250.00;000;     1062.50;2009
1535;1;860828;TRAVELNOW.COM INC;001;       79.00;       33.50;        0.00;001;      112.50;2009
1535;1;860892;EUROPAMUNDO;015;     1620.00;      375.00;       15.00;028;     2010.00;2009
1535;1;861088;OCEANIA HOTELS;005;      378.00;      154.35;        0.00;005;      532.35;2009
1535;1;865021;RATES TO GO;001;      100.30;       59.50;        0.00;001;      159.80;2009
1535;1;865100;BOOKING.COM LIMITED;045;     1816.95;      357.00;       20.20;075;     2194.15;2009
1535;1;865348;AREVA TA SERVICE MIS;234;    17291.00;     3524.50;      332.25;247;    21147.75;2009
1535;1;871000;VENERE FRANCE SA;007;      463.00;      127.80;        2.10;016;      592.90;2009
1535;1;900000;CARLSON WAGONLIT;005;      345.00;      169.50;        0.00;006;      514.50;2009
1535;1;900025;EXPEDIA;002;      100.50;       26.50;        1.20;002;      128.20;2009
1535;1;900206;SCHNEIDER;014;     1085.00;       35.00;        5.00;014;     1125.00;2009
1535;1;900310;GMF ASSURANCES;000;       37.00;        0.00;        0.00;000;       37.00;2009
1535;1;900340;EDF GDF EN DIRECT;114;     8217.50;     8551.70;      535.00;116;    17304.20;2009
1535;1;900382;GROUPAMA HEBERGEMENT;003;      229.00;       27.50;        0.00;003;      256.50;2009
1535;1;900411;PSA;001;       70.70;       23.50;        0.00;001;       94.20;2009
1535;1;900454;EADS;002;      151.00;        5.00;        0.00;002;      156.00;2009
1535;1;910009;GEMINOX;001;       71.50;       21.50;        0.00;001;       93.00;2009
1535;1;915021;C. D'EPARGNE RENNES;002;      151.00;       68.00;        0.00;002;      219.00;2009
1535;1;923541;NEWTEC GROUPE;002;      165.00;        5.00;        0.00;002;      170.00;2009
1535;1;925005;ATMEL;011;      907.50;      155.50;        5.00;011;     1068.00;2009
1535;1;925009;CAF BOUCHES DU RHONE;010;      825.00;     1159.60;        0.00;010;     1984.60;2009
1535;1;925011;SFR;001;       77.50;        2.50;        0.00;001;       80.00;2009
1535;1;925022;EUROCOPTER;008;      604.00;       99.00;        0.00;008;      703.00;2009
1535;1;925025;INTERCONTROLE;026;     2125.00;      192.00;       10.00;026;     2327.00;2009
1535;1;925027;ST MICROELECTRONICS;003;      247.50;       35.50;       15.00;003;      298.00;2009
1535;1;925080;TECHNICATOME;008;      660.00;       57.00;        0.00;008;      717.00;2009
1535;1;929333;WAID;010;      775.00;       67.35;        0.00;010;      842.35;2009
1535;1;929334;GROUPAMA ALPES MED.;046;     2964.00;      399.00;        2.10;047;     3365.10;2009
1535;1;929339;RAIN BIRD EUROPE;005;      377.50;       12.50;        0.00;005;      390.00;2009
1535;1;929402;HYDRO BUILDINGS SYST;001;       74.50;       18.50;        0.00;001;       93.00;2009
1535;1;930216;MORY INGENIERIE;002;      149.00;       40.00;        0.00;002;      189.00;2009
1535;1;944021;HOTEL.DE;001;       59.00;       29.50;        0.00;001;       88.50;2009
1535;1;952386;HOTEL RESA SERVICE;000;       17.42;        0.00;        0.00;000;       17.42;2009
1535;1;953527;GULLIVERS TRAVEL;6;      300.50;       25.00;        0.00;10;      325.50;2009
1535;1;953698;TRAVCO;002;      100.10;       63.00;        0.00;002;      163.10;2009
1535;1;954699;MIKI TRAVEL AGENCY;17;      794.80;      118.00;       19.80;32;      932.60;2009
1535;1;955893;TUMLARE CORPORATION;019;      911.20;       85.00;        0.00;034;      996.20;2009
1535;1;960888;LIAISONS AERIENNES;001;       79.00;       35.50;        0.00;001;      114.50;2009
